#reward type 0 --- target and budget constraint
python uscb_main.py --campaign_id=1458 --time_fraction=96 --budget_para=4 --device=cpu --tCPC=20000 --episodes=15 --beta=1 --test_with_train=1 --reward_type=0 --lamda=4  --lr_A=1e-4 --lr_C=1e-4 --margin=0
1458
RL model USCB has been training
para:4, budget:[7524157.5, 7557138.5, 7653885.25, 7637151.0, 7575982.25, 7577470.75, 7574275.0], base bid: 78
        clks    real_clks       bids    imps    cost
0 train [1615.0, 2450.0, 1073.0750223774583, 1575.290662296259, 3081156, 808256, 33711026.0] 0.044280096888542175 702.6897068319887 -184.39025611966818
0 test [1356.0, 2449.0, 941.4383946429101, 1574.0117238775417, 3078160, 508800, 19600533.0] [1356.0, 941.4383946429092, 19600533.0] [15116.616279069767, 17431.044776119405, 10851.469945355191, 10333.28947368421, 12279.214559386974, 19321.894904458597, 15339.333333333334] [7524157.5, 7557138.5, 7653885.25, 7637151.0, 7575982.25, 7577470.75, 7574275.0]
1 train [1349.0, 2449.0, 932.0772383169018, 1573.9351975296763, 3077974, 493735, 18828861.0] 0.03467753902077675 562.2959087610911 -0.19306076152543272
1 test [1352.0, 2449.0, 929.9742585177515, 1573.9587888169283, 3078050, 489979, 18661022.0] [1352.0, 929.9742585177503, 18661022.0] [15287.64705882353, 16311.9, 10348.961325966851, 9635.875647668394, 11858.0, 18489.46815286624, 14429.466135458168] [7524157.5, 7557138.5, 7653885.25, 7637151.0, 7575982.25, 7577470.75, 7574275.0]
2 train [1343.0, 2449.0, 931.8476187771479, 1573.9082924199895, 3077840, 493506, 18810315.0] 0.03650922700762749 560.6806873023303 -0.016932170802145707
2 test [1341.0, 2449.0, 929.2463589107862, 1573.9410116373658, 3077971, 488884, 18602239.0] [1341.0, 929.2463589107849, 18602239.0] [14880.058139534884, 17257.424242424244, 10291.983333333334, 9727.575916230366, 11826.33984375, 18611.647435897437, 14554.652] [7524157.5, 7557138.5, 7653885.25, 7637151.0, 7575982.25, 7577470.75, 7574275.0]
3 train [1341.0, 2449.0, 929.431214060532, 1573.921647297602, 3077926, 489176, 18616702.0] 0.02888300269842148 559.9428797898513 -0.018250399912526083
3 test [1343.0, 2449.0, 930.0520498897598, 1573.9278053869696, 3077903, 490185, 18666485.0] [1343.0, 930.0520498897587, 18666485.0] [15046.576470588236, 16635.202898550724, 10382.812154696132, 9722.857142857143, 11875.1875, 18573.153354632588, 14677.372] [7524157.5, 7557138.5, 7653885.25, 7637151.0, 7575982.25, 7577470.75, 7574275.0]
4 train [1342.0, 2449.0, 929.1193907692355, 1573.9277804324504, 3077927, 488802, 18593254.0] 0.049901895225048065 560.331965418503 -5.655360715950408e-05
4 test [1347.0, 2449.0, 929.2098006681259, 1573.968304131484, 3078121, 488963, 18600453.0] [1347.0, 929.2098006681246, 18600453.0] [14829.114942528735, 16432.043478260868, 10481.16111111111, 9625.931937172774, 11725.101167315175, 18653.511254019293, 14431.563492063493] [7524157.5, 7557138.5, 7653885.25, 7637151.0, 7575982.25, 7577470.75, 7574275.0]
5 train [1343.0, 2449.0, 929.6726663237235, 1573.9343558363155, 3077941, 489692, 18636090.0] 0.02845308743417263 560.9251912741607 -0.03045693270663241
5 test [1346.0, 2449.0, 929.6028742555316, 1573.9149657547325, 3077874, 489633, 18631464.0] [1346.0, 929.6028742555302, 18631464.0] [14848.558139534884, 16920.867647058825, 10267.955801104972, 9776.868421052632, 11857.9609375, 18682.913738019168, 14303.07142857143] [7524157.5, 7557138.5, 7653885.25, 7637151.0, 7575982.25, 7577470.75, 7574275.0]
6 train [1346.0, 2449.0, 929.9234581288432, 1573.9452923569654, 3078021, 490188, 18657290.0] 0.03359292447566986 562.1564446759767 -0.08169393504070355
6 test [1341.0, 2450.0, 929.444525892846, 1573.9390253303084, 3077943, 489661, 18618977.0] [1341.0, 929.4445258928447, 18618977.0] [15190.623529411765, 16834.217391304348, 10357.405555555555, 9843.42328042328, 11705.5703125, 18591.27652733119, 14593.466135458168] [7524157.5, 7557138.5, 7653885.25, 7637151.0, 7575982.25, 7577470.75, 7574275.0]
7 train [1345.0, 2449.0, 929.1066970351673, 1573.9454683635397, 3078057, 488597, 18590523.0] 0.028950564563274384 561.5423517632186 -0.11434514777298799
7 test [1344.0, 2449.0, 929.4448973222712, 1573.9190042186322, 3077878, 489565, 18616661.0] [1344.0, 929.44489732227, 18616661.0] [14962.402298850575, 17118.402985074626, 10285.798882681564, 9783.073684210527, 11791.58984375, 18497.535031847136, 14506.709163346613] [7524157.5, 7557138.5, 7653885.25, 7637151.0, 7575982.25, 7577470.75, 7574275.0]
8 train [1348.0, 2449.0, 930.6768451939711, 1573.8968716594184, 3077832, 491556, 18717115.0] 0.02625112235546112 561.5996024844924 -0.031567093886251785
8 test [1352.0, 2450.0, 932.940866767981, 1573.9707398179073, 3078076, 495897, 18901079.0] [1352.0, 932.94086676798, 18901079.0] [15399.267441860466, 17346.666666666668, 10291.384615384615, 10006.005208333334, 11973.16796875, 18704.29073482428, 14433.318897637795] [7524157.5, 7557138.5, 7653885.25, 7637151.0, 7575982.25, 7577470.75, 7574275.0]
9 train [1380.0, 2450.0, 951.4531719111773, 1574.164325786156, 3078747, 529937, 20473190.0] 0.019763171672821045 577.6016010349853 -1.7390820613154172
9 test [1399.0, 2450.0, 962.3651349450882, 1574.3288448957683, 3079304, 554610, 21468143.0] [1399.0, 962.3651349450874, 21468143.0] [18344.329896907217, 19144.5625, 12290.502645502645, 11658.691176470587, 13302.961538461539, 19048.540192926044, 15786.953488372093] [7524157.5, 7557138.5, 7653885.25, 7637151.0, 7575982.25, 7577470.75, 7574275.0]
10 train [1407.0, 2450.0, 963.9462003931761, 1574.2953791536333, 3079246, 557689, 21635285.0] 0.02765609882771969 594.7873101808531 -6.060488727006857
10 test [1400.0, 2450.0, 961.2338365413268, 1574.283067044738, 3079190, 552114, 21395919.0] [1400.0, 961.2338365413261, 21395919.0] [18285.6875, 19502.923076923078, 12283.0, 11433.776119402984, 13411.931034482759, 18843.161904761906, 15654.701550387597] [7524157.5, 7557138.5, 7653885.25, 7637151.0, 7575982.25, 7577470.75, 7574275.0]
11 train [1408.0, 2450.0, 964.6510128695516, 1574.3350588582966, 3079311, 558370, 21695432.0] 0.023695969954133034 595.1144068624437 -7.183131923127228
11 test [1396.0, 2450.0, 963.0602755611759, 1574.2733659562432, 3079132, 555666, 21543365.0] [1396.0, 963.0602755611753, 21543365.0] [18404.5625, 19581.155844155845, 12061.513089005235, 11949.442786069652, 13375.015267175573, 18990.770700636942, 16062.098039215687] [7524157.5, 7557138.5, 7653885.25, 7637151.0, 7575982.25, 7577470.75, 7574275.0]
12 train [1399.0, 2450.0, 966.1392139833549, 1574.3061873713655, 3079253, 561601, 21834335.0] 0.015060271136462688 592.0084175395353 -6.990334455099014
12 test [1398.0, 2450.0, 966.2518877686304, 1574.3278499931857, 3079268, 560459, 21836709.0] [1398.0, 966.2518877686293, 21836709.0] [18919.445652173912, 19147.883116883117, 12524.089947089948, 12282.569306930693, 13872.61216730038, 18891.522012578618, 16021.789883268482] [7524157.5, 7557138.5, 7653885.25, 7637151.0, 7575982.25, 7577470.75, 7574275.0]
13 train [1402.0, 2450.0, 966.44106335509, 1574.3452871422874, 3079350, 562073, 21863560.0] 0.01945042423903942 593.0954873296524 -6.471440195734069
13 test [1408.0, 2450.0, 968.5072056516685, 1574.306668026989, 3079173, 565484, 22056593.0] [1408.0, 968.5072056516677, 22056593.0] [17757.73267326733, 18870.78481012658, 12673.231578947369, 12335.183168316831, 13741.414448669202, 19183.91139240506, 16328.953307392996] [7524157.5, 7557138.5, 7653885.25, 7637151.0, 7575982.25, 7577470.75, 7574275.0]
14 train [1404.0, 2450.0, 965.8655325287253, 1574.3324384846896, 3079324, 560246, 21809983.0] 0.024685142561793327 593.2003800925135 -4.57070281747496
14 test [1408.0, 2450.0, 966.7850185305865, 1574.3085591371214, 3079223, 562320, 21902576.0] [1408.0, 966.7850185305858, 21902576.0] [18288.453608247422, 19648.974025974025, 12345.98969072165, 12030.086538461539, 13791.18320610687, 19056.83653846154, 16121.01550387597] [7524157.5, 7557138.5, 7653885.25, 7637151.0, 7575982.25, 7577470.75, 7574275.0]

# budget constraint
python uscb_main.py --campaign_id=1458 --time_fraction=96 --budget_para=4 --device=cpu --tCPC=20000 --episodes=15 --beta=0 --test_with_train=1 --reward_type=0 --lamda=4  --lr_A=1e-4 --lr_C=1e-4 --margin=0
1458
RL model USCB has been training
para:4, budget:[7524157.5, 7557138.5, 7653885.25, 7637151.0, 7575982.25, 7577470.75, 7574275.0], base bid: 78
        clks    real_clks       bids    imps    cost
0 train [1631.0, 2446.0, 1094.6591032918554, 1571.209137185009, 3077796, 851231, 36047974.0] 0.03367118537425995 703.1305140294354 -209.726131281616
0 test [1413.0, 2450.0, 975.1636977451411, 1574.2027728417113, 3078830, 569428, 22497501.0] [1090.0, 686.3110102663063, 15912845.0] [16881.989130434784, 18229.025974025975, 12250.554973821989, 11763.04411764706, 14063.916981132075, 20385.931888544892, 17201.578544061304] [7524157.5, 7557138.5, 7653885.25, 7637151.0, 7575982.25, 7577470.75, 7574275.0]
1 train [1462.0, 2450.0, 1026.6672383095388, 1574.3187534756755, 3079009, 678265, 28606460.0] 0.02715563401579857 587.1548420529257 -75.22765582970989
1 test [1637.0, 2450.0, 1107.984535171482, 1575.1804665534453, 3080703, 949569, 42451548.0] [0, 0, 0] [30828.8625, 37836.82352941176, 25752.49074074074, 25430.283333333333, 22775.794612794612, 23164.31269349845, 25191.695035460994] [7524157.5, 7557138.5, 7653885.25, 7637151.0, 7575982.25, 7577470.75, 7574275.0]
2 train [1556.0, 2361.0, 1056.2616082655748, 1525.3745977413894, 2952064, 1011144, 48476671.0] 0.03379648178815842 630.9895267454441 -1547.1235864135397
2 test [1652.0, 2450.0, 1109.8487478540321, 1575.0419494254863, 3080303, 1012265, 46956484.0] [0, 0, 0] [40238.56493506493, 42695.30656934307, 29294.586046511628, 28622.399176954732, 24049.01694915254, 22454.006153846152, 25671.014134275618] [7524157.5, 7557138.5, 7653885.25, 7637151.0, 7575982.25, 7577470.75, 7574275.0]
3 train [1635.0, 2451.0, 1110.8728030731734, 1575.1175235616304, 3080604, 973949, 44228609.0] 0.030671460554003716 677.586151372467 -701.631204988545
3 test [1682.0, 2448.0, 1120.7927410577213, 1572.0498460448343, 3078850, 958323, 42845799.0] [0, 0, 0] [33141.93788819876, 37807.916030534354, 23214.8132780083, 23569.8, 22135.529824561403, 22755.165165165166, 25565.103202846974] [7524157.5, 7557138.5, 7653885.25, 7637151.0, 7575982.25, 7577470.75, 7574275.0]
4 train [1705.0, 2445.0, 1125.0464422171115, 1570.2617544057102, 3077401, 965294, 43462143.0] 0.02393902838230133 705.5584979518122 -334.36573672768407
4 test [1667.0, 2446.0, 1113.8294546979955, 1573.8399365380485, 3079740, 937803, 42115422.0] [0, 0, 0] [31721.415584415583, 36462.159420289856, 26010.604938271605, 21742.552419354837, 21198.432624113477, 23532.509316770185, 24751.39285714286] [7524157.5, 7557138.5, 7653885.25, 7637151.0, 7575982.25, 7577470.75, 7574275.0]
5 train [1685.0, 2450.0, 1121.6859906798845, 1573.0017787293732, 3071305, 985612, 44981037.0] 0.04093930870294571 698.3252936418305 -325.8524446934727
5 test [1690.0, 2444.0, 1124.4780622832823, 1572.089370874861, 3077492, 986307, 45242232.0] [0, 0, 0] [33825.56213017752, 42208.89208633093, 26367.83950617284, 23999.30487804878, 22525.73943661972, 23532.509316770185, 25688.794425087108] [7524157.5, 7557138.5, 7653885.25, 7637151.0, 7575982.25, 7577470.75, 7574275.0]
6 train [1688.0, 2444.0, 1124.6850023365207, 1573.235154664033, 3078898, 984757, 45172505.0] 0.02495666593313217 700.7606195822586 -310.71810598767456
6 test [1728.0, 2442.0, 1131.8990137221567, 1567.7450349043918, 3073461, 1015338, 47715178.0] [0, 0, 0] [36196.21052631579, 41887.95541401274, 27834.38823529412, 24347.698412698413, 23194.650176678446, 23031.823708206688, 26954.70462633452] [7524157.5, 7557138.5, 7653885.25, 7637151.0, 7575982.25, 7577470.75, 7574275.0]
7 train [1686.0, 2444.0, 1126.3960924429446, 1572.6521362648757, 3078095, 985624, 45277382.0] 0.026801321655511856 694.1975440205474 -304.5501390485389
7 test [1703.0, 2444.0, 1126.9047327986968, 1569.7577385690367, 3076092, 979888, 44763370.0] [0, 0, 0] [34851.07692307692, 40232.59124087591, 26195.352459016394, 23595.466135458166, 21691.62717770035, 22823.69578313253, 25599.226148409893] [7524157.5, 7557138.5, 7653885.25, 7637151.0, 7575982.25, 7577470.75, 7574275.0]
8 train [1693.0, 2447.0, 1131.586011064013, 1574.1944929487345, 3080138, 1000220, 46336261.0] 0.023070065304636955 696.2556801714496 -294.9198319520262
8 test [1732.0, 2444.0, 1138.6711208222825, 1569.7130582177926, 3076038, 1018677, 47098999.0] [0, 0, 0] [36729.38596491228, 40450.26845637584, 26994.488095238095, 25322.753846153846, 22626.711805555555, 23102.04268292683, 25741.88028169014] [7524157.5, 7557138.5, 7653885.25, 7637151.0, 7575982.25, 7577470.75, 7574275.0]
9 train [1695.0, 2449.0, 1129.5500490547568, 1572.7380248883387, 3071899, 1014660, 47171628.0] 0.029316555708646774 692.611537041985 -326.24026331020383
9 test [1729.0, 2445.0, 1144.133670819403, 1572.3016082843812, 3072602, 1046261, 49044686.0] [0, 0, 0] [38573.189024390245, 44928.64, 28546.75, 25580.622641509435, 23569.276223776225, 23243.769938650308, 26859.120567375885] [7524157.5, 7557138.5, 7653885.25, 7637151.0, 7575982.25, 7577470.75, 7574275.0]
10 train [1719.0, 2444.0, 1139.0223206382032, 1572.7198887542293, 3078276, 1030436, 47917878.0] 0.023119164630770683 699.4355727875553 -348.3109018098893
10 test [1706.0, 2447.0, 1133.3526822498736, 1573.3143145116276, 3073776, 1008638, 46783556.0] [0, 0, 0] [36241.92682926829, 40803.58552631579, 27706.29435483871, 24598.289575289575, 22907.14285714286, 23459.653250773994, 26443.389285714286] [7524157.5, 7557138.5, 7653885.25, 7637151.0, 7575982.25, 7577470.75, 7574275.0]
11 train [1752.0, 2444.0, 1149.6594081778862, 1572.7550102654764, 3072461, 1065456, 50006264.0] 0.019573792815208435 705.4829687536969 -350.7092515128951
11 test [1744.0, 2444.0, 1143.6834635613889, 1573.4183312596172, 3079161, 1047056, 48666107.0] [0, 0, 0] [36137.982558139534, 39756.490797546016, 28426.57254901961, 25522.25468164794, 23804.293706293705, 23679.590625, 26766.373665480427] [7524157.5, 7557138.5, 7653885.25, 7637151.0, 7575982.25, 7577470.75, 7574275.0]
12 train [1749.0, 2443.0, 1155.0445524373563, 1568.8229573246556, 3074920, 1085640, 50789311.0] 0.01763305254280567 706.5110647836183 -442.11831653905017
12 test [1741.0, 2446.0, 1143.6860009310938, 1570.531463302757, 3077465, 1045307, 48761052.0] [0, 0, 0] [35606.45810055866, 42208.22012578617, 29083.63453815261, 26264.822393822393, 23853.883392226147, 22892.649546827794, 25992.38078291815] [7524157.5, 7557138.5, 7653885.25, 7637151.0, 7575982.25, 7577470.75, 7574275.0]
13 train [1741.0, 2445.0, 1154.1479267104307, 1572.4209953977922, 3072390, 1076299, 50425162.0] 0.019997084513306618 702.7972189118324 -412.1911393476788
13 test [1753.0, 2441.0, 1150.5257373851684, 1569.629853408291, 3066990, 1091961, 51363080.0] [0, 0, 0] [38972.46629213483, 44929.99375, 30133.3937007874, 27186.811320754718, 25093.930555555555, 23243.766871165644, 26859.13120567376] [7524157.5, 7557138.5, 7653885.25, 7637151.0, 7575982.25, 7577470.75, 7574275.0]
14 train [1752.0, 2445.0, 1154.8189804036895, 1572.6663466853208, 3072930, 1092345, 51312251.0] 0.01970568485558033 707.4862022905919 -448.64582603035853
14 test [1737.0, 2438.0, 1143.72358536235, 1566.9829083218676, 3074480, 1066794, 49424968.0] [0, 0, 0] [35790.74444444444, 41783.17575757576, 28525.370967741936, 26998.53846153846, 24037.19512195122, 24132.063694267516, 26566.625441696113] [7524157.5, 7557138.5, 7653885.25, 7637151.0, 7575982.25, 7577470.75, 7574275.0]

#reward type 1 --- target and budget constraint
python uscb_main.py --campaign_id=1458 --time_fraction=96 --budget_para=4 --device=cpu --tCPC=20000 --episodes=15 --beta=1 --test_with_train=1 --reward_type=1 --lamda=4  --lr_A=1e-4 --lr_C=1e-4 --margin=0
1458
RL model USCB has been training
para:4, budget:[7524157.5, 7557138.5, 7653885.25, 7637151.0, 7575982.25, 7577470.75, 7574275.0], base bid: 78
        clks    real_clks       bids    imps    cost
0 train [1618.0, 2450.0, 1077.1661151771027, 1575.290662296259, 3081156, 816295, 34148629.0] 0.01665915548801422 703.8463070692202 461.93849927080237
0 test [1357.0, 2449.0, 942.2369231184806, 1574.0129467538698, 3078164, 510148, 19667499.0] [1357.0, 942.2369231184795, 19667499.0] [15190.82558139535, 17527.65671641791, 10891.273224043716, 10390.642105263158, 12256.198473282442, 19363.646496815287, 15404.317647058824] [7524157.5, 7557138.5, 7653885.25, 7637151.0, 7575982.25, 7577470.75, 7574275.0]
1 train [1351.0, 2449.0, 932.4809696030237, 1573.935890874333, 3077976, 494457, 18861656.0] 0.0338878259062767 562.5866407367201 585.0678810742263
1 test [1352.0, 2449.0, 930.0046030610205, 1573.9608355169196, 3078062, 490083, 18663451.0] [1352.0, 930.0046030610195, 18663451.0] [15312.29411764706, 16327.042857142857, 10357.204419889502, 9640.849740932643, 11855.162790697674, 18482.257961783438, 14428.741035856574] [7524157.5, 7557138.5, 7653885.25, 7637151.0, 7575982.25, 7577470.75, 7574275.0]
2 train [1343.0, 2449.0, 931.8352211879823, 1573.9082924199895, 3077840, 493563, 18809265.0] 0.019458672031760216 560.7252553912095 583.0504835241795
2 test [1342.0, 2449.0, 929.2316769409478, 1573.9410116373658, 3077971, 488915, 18601070.0] [1342.0, 929.2316769409465, 18601070.0] [14894.89534883721, 17266.984848484848, 10241.558011049723, 9731.0, 11822.90234375, 18604.923076923078, 14546.984] [7524157.5, 7557138.5, 7653885.25, 7637151.0, 7575982.25, 7577470.75, 7574275.0]
3 train [1341.0, 2449.0, 929.3094716317605, 1573.921647297602, 3077926, 488990, 18607018.0] 0.01932569034397602 559.9219119670977 583.9602783545189
3 test [1343.0, 2449.0, 929.842647665056, 1573.9278053869696, 3077903, 489842, 18649594.0] [1343.0, 929.8426476650549, 18649594.0] [15037.576470588236, 16621.231884057972, 10367.453038674033, 9712.825396825398, 11858.31640625, 18565.913738019168, 14661.768] [7524157.5, 7557138.5, 7653885.25, 7637151.0, 7575982.25, 7577470.75, 7574275.0]
4 train [1342.0, 2449.0, 928.9211956625254, 1573.9277804324504, 3077927, 488486, 18577381.0] 0.0345233716070652 560.2984870881712 585.553251966867
4 test [1347.0, 2449.0, 928.9812772361071, 1573.9518938845379, 3078010, 488578, 18582159.0] [1347.0, 928.9812772361058, 18582159.0] [14818.494252873563, 16417.927536231884, 10461.677777777777, 9609.125654450261, 11712.517509727626, 18645.353697749197, 14416.055555555555] [7524157.5, 7557138.5, 7653885.25, 7637151.0, 7575982.25, 7577470.75, 7574275.0]
5 train [1343.0, 2449.0, 929.4385498429214, 1573.9343558363155, 3077941, 489287, 18617225.0] 0.028804771602153778 560.8410851660046 585.342119906912
5 test [1344.0, 2449.0, 929.3078933364848, 1573.9119160486237, 3077873, 489146, 18607916.0] [1344.0, 929.3078933364835, 18607916.0] [14823.32558139535, 17146.014925373136, 10251.85635359116, 9756.810526315789, 11839.9609375, 18734.647435897437, 14280.583333333334] [7524157.5, 7557138.5, 7653885.25, 7637151.0, 7575982.25, 7577470.75, 7574275.0]
6 train [1345.0, 2449.0, 929.543985293221, 1573.9384165882577, 3078008, 489536, 18626707.0] 0.013392428867518902 561.8487179795334 585.8910438193186
6 test [1340.0, 2450.0, 929.0487166717827, 1573.935082958846, 3077932, 488990, 18587163.0] [1340.0, 929.0487166717814, 18587163.0] [15133.329411764706, 16794.898550724636, 10337.594444444445, 9812.962962962964, 11685.94140625, 18585.549839228297, 14619.432] [7524157.5, 7557138.5, 7653885.25, 7637151.0, 7575982.25, 7577470.75, 7574275.0]
7 train [1344.0, 2449.0, 928.6187899565554, 1573.9423193010882, 3078049, 487732, 18551502.0] 0.01911740005016327 561.2970476807157 586.3921208600149
7 test [1342.0, 2449.0, 928.7271229372087, 1573.9175591201067, 3077870, 488252, 18559129.0] [1342.0, 928.7271229372075, 18559129.0] [15199.35294117647, 17005.10447761194, 10243.296089385474, 9740.715789473685, 11745.30859375, 18488.9076433121, 14467.091633466136] [7524157.5, 7557138.5, 7653885.25, 7637151.0, 7575982.25, 7577470.75, 7574275.0]
8 train [1345.0, 2449.0, 928.8352301163612, 1573.892558449935, 3077801, 488292, 18569309.0] 0.02050176076591015 560.604196158524 585.9689794371862
8 test [1345.0, 2449.0, 928.2140809996453, 1573.9169490757324, 3077906, 487241, 18519924.0] [1345.0, 928.2140809996438, 18519924.0] [14740.953488372093, 17007.97014925373, 10174.385474860335, 9683.769633507853, 11741.37109375, 18629.073482428113, 14249.652173913044] [7524157.5, 7557138.5, 7653885.25, 7637151.0, 7575982.25, 7577470.75, 7574275.0]
9 train [1347.0, 2449.0, 929.7877711668624, 1573.9597752441466, 3078062, 489819, 18644906.0] 0.01908952184021473 561.4251050478633 585.4693580532216
9 test [1343.0, 2449.0, 928.6481494606447, 1573.9437041202066, 3078030, 487973, 18553137.0] [1343.0, 928.6481494606435, 18553137.0] [15085.976470588235, 16426.391304347828, 10271.552486187846, 9653.846560846561, 11703.90272373541, 18605.832797427654, 14579.135458167331] [7524157.5, 7557138.5, 7653885.25, 7637151.0, 7575982.25, 7577470.75, 7574275.0]
10 train [1342.0, 2449.0, 929.5277946692619, 1573.925630587656, 3077995, 489363, 18624986.0] 0.018201449885964394 560.9922241683547 585.3710491433072
10 test [1342.0, 2449.0, 928.1196378607455, 1573.9302848825075, 3077981, 487167, 18511975.0] [1342.0, 928.1196378607441, 18511975.0] [15110.105882352942, 16709.70588235294, 10327.772222222222, 9614.306878306877, 11789.09765625, 18576.32051282051, 14291.396825396825] [7524157.5, 7557138.5, 7653885.25, 7637151.0, 7575982.25, 7577470.75, 7574275.0]
11 train [1345.0, 2449.0, 929.4156010797448, 1573.9130190793978, 3077882, 489138, 18615170.0] 0.018050171434879303 560.8015823378232 584.4755348799697
11 test [1344.0, 2449.0, 929.2641102172162, 1573.8942805625522, 3077821, 489079, 18602405.0] [1344.0, 929.2641102172149, 18602405.0] [14949.290697674418, 16898.16417910448, 10204.094444444445, 9670.157068062827, 11741.449612403101, 18686.1858974359, 14565.872] [7524157.5, 7557138.5, 7653885.25, 7637151.0, 7575982.25, 7577470.75, 7574275.0]
12 train [1342.0, 2449.0, 928.9170095191331, 1573.950482171049, 3078000, 488491, 18576384.0] 0.022390171885490417 560.1785980245096 584.1189706063108
12 test [1345.0, 2449.0, 929.0749065328267, 1573.933937676955, 3077951, 488810, 18588674.0] [1345.0, 929.0749065328257, 18588674.0] [15038.95294117647, 16799.0, 10388.290502793296, 9702.858638743455, 11864.101167315175, 18580.003184713376, 14231.418326693227] [7524157.5, 7557138.5, 7653885.25, 7637151.0, 7575982.25, 7577470.75, 7574275.0]
13 train [1339.0, 2449.0, 928.9273006757172, 1573.8992647729422, 3077836, 488749, 18576092.0] 0.015578518621623516 560.3482177306244 585.2903755184499
13 test [1345.0, 2449.0, 930.4534622449897, 1573.94534341046, 3078013, 490667, 18700156.0] [1345.0, 930.4534622449884, 18700156.0] [15028.116279069767, 16414.231884057972, 10365.244444444445, 9763.153439153439, 11699.143968871595, 18712.36305732484, 14727.256] [7524157.5, 7557138.5, 7653885.25, 7637151.0, 7575982.25, 7577470.75, 7574275.0]
14 train [1342.0, 2449.0, 928.2574398573742, 1573.9367215893492, 3077969, 487075, 18523278.0] 0.01687866449356079 559.3179817797552 584.5232236757433
14 test [1341.0, 2449.0, 928.4841466382237, 1573.9128435037358, 3077863, 487463, 18544011.0] [1341.0, 928.4841466382226, 18544011.0] [14776.290697674418, 16677.941176470587, 10334.50279329609, 9742.560846560846, 11856.376470588235, 18601.65064102564, 14368.40873015873] [7524157.5, 7557138.5, 7653885.25, 7637151.0, 7575982.25, 7577470.75, 7574275.0]

python uscb_main.py --campaign_id=1458 --time_fraction=96 --budget_para=4 --device=cpu --tCPC=20000 --episodes=15 --beta=1 --test_with_train=1 --reward_type=1 --lamda=4  --lr_A=1e-4 --lr_C=1e-4 --margin=0.15
1458
RL model USCB has been training
para:4, budget:[7524157.5, 7557138.5, 7653885.25, 7637151.0, 7575982.25, 7577470.75, 7574275.0], base bid: 78
        clks    real_clks       bids    imps    cost
0 train [1615.0, 2450.0, 1074.4224323823987, 1575.290662296259, 3081156, 810198, 33824345.0] 0.036935023963451385 702.564341943046 612.8837910834512
0 test [1357.0, 2449.0, 941.0528682807511, 1574.0093094684596, 3078155, 508209, 19569617.0] [1357.0, 941.0528682807501, 19569617.0] [15138.244186046511, 17451.02985074627, 10844.502732240437, 10325.452631578948, 12191.259541984733, 19273.732484076434, 15317.909803921568] [7524157.5, 7557138.5, 7653885.25, 7637151.0, 7575982.25, 7577470.75, 7574275.0]
1 train [1350.0, 2449.0, 932.5736190732636, 1573.935890874333, 3077976, 494578, 18869083.0] 0.035570088773965836 562.6011562685954 661.2595187749884
1 test [1352.0, 2449.0, 930.2231869799174, 1573.9608355169196, 3078062, 490444, 18681107.0] [1352.0, 930.2231869799164, 18681107.0] [15332.823529411764, 16338.8, 10371.574585635359, 9648.564766839378, 11872.08527131783, 18492.29617834395, 14442.605577689243] [7524157.5, 7557138.5, 7653885.25, 7637151.0, 7575982.25, 7577470.75, 7574275.0]
2 train [1343.0, 2449.0, 932.0068473869717, 1573.9082924199895, 3077840, 493819, 18823149.0] 0.03378647565841675 560.7668009846889 659.0294280262417
2 test [1342.0, 2449.0, 929.4579038477672, 1573.9410116373658, 3077971, 489287, 18619210.0] [1342.0, 929.4579038477661, 18619210.0] [14907.53488372093, 17288.969696969696, 10253.872928176796, 9747.340314136125, 11838.04296875, 18610.94230769231, 14564.976] [7524157.5, 7557138.5, 7653885.25, 7637151.0, 7575982.25, 7577470.75, 7574275.0]
3 train [1341.0, 2449.0, 929.5388340691529, 1573.921647297602, 3077926, 489414, 18625282.0] 0.042745232582092285 560.0226387211369 659.3131831959951
3 test [1343.0, 2449.0, 930.1094593205593, 1573.9278053869696, 3077903, 490319, 18671096.0] [1343.0, 930.1094593205581, 18671096.0] [15058.658823529411, 16655.0, 10388.591160220994, 9729.698412698413, 11879.05078125, 18570.568690095846, 14676.168] [7524157.5, 7557138.5, 7653885.25, 7637151.0, 7575982.25, 7577470.75, 7574275.0]
4 train [1342.0, 2449.0, 929.1877898118323, 1573.9277804324504, 3077927, 488959, 18598782.0] 0.020045476034283638 560.3712453621414 660.3913854526571
4 test [1347.0, 2449.0, 929.2419782662577, 1573.9696842277901, 3078123, 489072, 18603018.0] [1347.0, 929.2419782662566, 18603018.0] [14855.3908045977, 16464.159420289856, 10481.777777777777, 9629.895287958116, 11722.03112840467, 18651.315112540193, 14426.27380952381] [7524157.5, 7557138.5, 7653885.25, 7637151.0, 7575982.25, 7577470.75, 7574275.0]
5 train [1343.0, 2449.0, 929.696452292875, 1573.9343558363155, 3077941, 489763, 18637944.0] 0.03077620267868042 560.9660264931248 660.4696420203644
5 test [1345.0, 2449.0, 929.5251138112649, 1573.9149657547325, 3077874, 489543, 18625228.0] [1345.0, 929.5251138112639, 18625228.0] [14854.837209302326, 16935.632352941175, 10260.801104972375, 9777.026315789473, 11853.58984375, 18736.083333333332, 14289.968253968254] [7524157.5, 7557138.5, 7653885.25, 7637151.0, 7575982.25, 7577470.75, 7574275.0]
6 train [1347.0, 2449.0, 929.7959668504187, 1573.9444137192797, 3078024, 490006, 18646914.0] 0.02430589124560356 562.233222755901 661.6976117963535
6 test [1340.0, 2450.0, 929.2983171237826, 1573.9390253303084, 3077943, 489462, 18607308.0] [1340.0, 929.2983171237813, 18607308.0] [15196.541176470588, 16833.246376811596, 10350.172222222222, 9832.613756613757, 11693.43359375, 18586.03536977492, 14635.748] [7524157.5, 7557138.5, 7653885.25, 7637151.0, 7575982.25, 7577470.75, 7574275.0]
7 train [1345.0, 2449.0, 928.9356717182815, 1573.9454683635397, 3078057, 488342, 18576804.0] 0.038104310631752014 561.5374446673917 661.4423032597687
7 test [1344.0, 2449.0, 929.114314590213, 1573.9190042186322, 3077878, 489006, 18590179.0] [1344.0, 929.1143145902117, 18590179.0] [14932.103448275862, 17102.089552238805, 10263.636871508379, 9764.963157894737, 11765.453125, 18491.06050955414, 14480.330677290836] [7524157.5, 7557138.5, 7653885.25, 7637151.0, 7575982.25, 7577470.75, 7574275.0]
8 train [1345.0, 2449.0, 929.4402211505982, 1573.8958367407115, 3077831, 489455, 18617666.0] 0.022118153050541878 560.9185954222994 660.6781648415496
8 test [1345.0, 2450.0, 929.4691316500936, 1573.9494318634518, 3078009, 489593, 18620386.0] [1345.0, 929.4691316500923, 18620386.0] [14968.011627906977, 17331.0, 10247.22905027933, 9789.193717277487, 11782.7890625, 18639.424920127796, 14298.166007905138] [7524157.5, 7557138.5, 7653885.25, 7637151.0, 7575982.25, 7577470.75, 7574275.0]
9 train [1352.0, 2450.0, 934.1376653039177, 1574.0090907984475, 3078261, 498055, 19002272.0] 0.03585677593946457 564.3705084018951 660.8534482368315
9 test [1367.0, 2450.0, 943.8902667664095, 1574.1470445201592, 3078771, 519306, 19841980.0] [1367.0, 943.8902667664086, 19841980.0] [16823.064516129034, 18615.527027027027, 11145.621621621622, 10757.42487046632, 12114.0, 18722.90032154341, 15084.980158730159] [7524157.5, 7557138.5, 7653885.25, 7637151.0, 7575982.25, 7577470.75, 7574275.0]
10 train [1370.0, 2450.0, 945.8227266695227, 1574.138621971858, 3078785, 522649, 20009325.0] 0.024618282914161682 579.5028356570718 670.9939921692846
10 test [1375.0, 2450.0, 946.7320365943248, 1574.1778775674804, 3078813, 525138, 20107816.0] [1375.0, 946.7320365943237, 20107816.0] [17183.747368421053, 18949.565789473683, 11365.598930481283, 10771.123076923077, 12459.587548638132, 18679.96794871795, 14937.521739130434] [7524157.5, 7557138.5, 7653885.25, 7637151.0, 7575982.25, 7577470.75, 7574275.0]
11 train [1375.0, 2450.0, 946.5550835233639, 1574.1642225975502, 3078751, 524267, 20082594.0] 0.026180503889918327 579.144031392506 668.0823740173984
11 test [1370.0, 2450.0, 946.7619859820057, 1574.1406685750683, 3078769, 524943, 20106017.0] [1370.0, 946.7619859820047, 20106017.0] [17281.478723404256, 18861.297297297297, 11522.91256830601, 10854.051020408164, 12359.96138996139, 18765.6858974359, 15054.011904761905] [7524157.5, 7557138.5, 7653885.25, 7637151.0, 7575982.25, 7577470.75, 7574275.0]
12 train [1372.0, 2450.0, 947.6193296687543, 1574.1996750491485, 3078952, 526941, 20190229.0] 0.026960451155900955 579.6336684788829 669.0941451211413
12 test [1371.0, 2450.0, 948.5349663358369, 1574.201566905982, 3078940, 528502, 20270635.0] [1371.0, 948.5349663358359, 20270635.0] [18264.2, 19208.608108108107, 11775.978378378379, 11096.737373737375, 12548.875968992248, 18676.414012738853, 14792.484126984127] [7524157.5, 7557138.5, 7653885.25, 7637151.0, 7575982.25, 7577470.75, 7574275.0]
13 train [1366.0, 2450.0, 947.4264175822151, 1574.1321351098866, 3078664, 527433, 20177014.0] 0.028292516246438026 580.3844466540822 670.3726935588473
13 test [1379.0, 2450.0, 949.8735405552774, 1574.1797417161965, 3078800, 530452, 20379116.0] [1379.0, 949.8735405552762, 20379116.0] [17110.82474226804, 18544.447368421053, 11800.98918918919, 10979.080808080807, 12467.817120622569, 18832.519108280256, 15219.472222222223] [7524157.5, 7557138.5, 7653885.25, 7637151.0, 7575982.25, 7577470.75, 7574275.0]
14 train [1372.0, 2450.0, 945.5388301433646, 1574.1633618296805, 3078766, 522448, 20001184.0] 0.025354793295264244 578.5870643957807 670.4611867059264
14 test [1379.0, 2450.0, 947.6183505694838, 1574.1698339935642, 3078733, 526046, 20187620.0] [1379.0, 947.618350569483, 20187620.0] [17065.117021276597, 18058.051948051947, 11458.122340425532, 11058.314720812183, 12562.093385214008, 18677.33012820513, 14978.854330708662] [7524157.5, 7557138.5, 7653885.25, 7637151.0, 7575982.25, 7577470.75, 7574275.0]